%Loading Case (lbs)	F0 (lbf)	F1 (lbf)	F2 (lbf)	F3D (lbf)	LVDT (in)	%6/20/20204:21 PM
0.000	-0.321	0.308	-0.001	-97.813	-0.004
0.000	-0.332	0.303	0.002	-97.829	-0.004
0.000	-0.328	0.310	0.005	-97.867	-0.004
0.000	-0.335	0.320	0.006	-97.859	-0.004
0.000	-0.328	0.295	0.004	-97.778	-0.004
0.000	-0.330	0.292	0.001	-97.831	-0.004
0.000	-0.329	0.316	0.002	-97.825	-0.004
0.000	-0.327	0.297	0.002	-97.823	-0.004
0.000	-0.367	0.289	0.003	-97.744	-0.004
0.000	-0.338	0.299	-0.005	-97.869	-0.004
10.000	2.622	2.608	5.080	-78.864	0.006
10.000	2.612	2.589	5.068	-78.880	0.006
10.000	2.613	2.593	5.091	-78.796	0.006
10.000	2.615	2.595	5.097	-78.814	0.006
10.000	2.627	2.587	5.093	-78.847	0.006
10.000	2.622	2.593	5.088	-78.729	0.006
10.000	2.623	2.605	5.098	-78.803	0.006
10.000	2.624	2.597	5.099	-78.849	0.006
10.000	2.627	2.594	5.089	-78.826	0.006
10.000	2.620	2.592	5.083	-78.803	0.006
20.000	5.313	5.206	10.245	-59.239	0.021
20.000	5.312	5.159	10.243	-59.312	0.021
20.000	5.315	5.203	10.249	-59.267	0.021
20.000	5.307	5.208	10.245	-59.176	0.021
20.000	5.306	5.199	10.241	-59.262	0.021
20.000	5.319	5.198	10.253	-59.225	0.021
20.000	5.312	5.204	10.241	-59.322	0.021
20.000	5.303	5.191	10.247	-59.254	0.021
20.000	5.321	5.209	10.256	-59.359	0.021
20.000	5.317	5.206	10.242	-59.432	0.021
30.000	7.752	8.088	15.435	-40.179	0.030
30.000	7.751	8.110	15.427	-40.181	0.030
30.000	7.752	8.091	15.421	-40.277	0.030
30.000	7.751	8.113	15.432	-40.224	0.030
30.000	7.754	8.098	15.422	-40.091	0.030
30.000	7.758	8.094	15.417	-40.288	0.030
30.000	7.747	8.092	15.421	-40.301	0.030
30.000	7.756	8.112	15.431	-40.161	0.030
30.000	7.759	8.101	15.438	-40.162	0.030
30.000	7.748	8.082	15.422	-40.187	0.030
40.000	10.527	10.637	20.538	-26.021	0.044
40.000	10.534	10.529	20.554	-26.563	0.044
40.000	10.540	10.661	20.542	-25.718	0.044
40.000	10.530	10.613	20.533	-26.240	0.044
40.000	10.512	10.649	20.540	-26.262	0.044
40.000	10.529	10.553	20.531	-26.343	0.044
40.000	10.564	10.571	20.532	-26.189	0.044
40.000	10.515	10.674	20.539	-25.750	0.044
40.000	10.525	10.623	20.531	-25.672	0.044
40.000	10.527	10.648	20.539	-25.669	0.044
50.000	13.149	12.831	25.466	-11.362	0.057
50.000	13.182	12.825	25.469	-11.211	0.057
50.000	13.187	12.837	25.466	-11.277	0.057
50.000	13.192	12.836	25.454	-11.342	0.057
50.000	13.191	12.817	25.452	-11.208	0.057
50.000	13.184	12.824	25.463	-11.322	0.057
50.000	13.193	12.834	25.467	-11.410	0.057
50.000	13.195	12.819	25.458	-11.274	0.057
50.000	13.185	12.819	25.460	-11.288	0.057
50.000	13.158	12.849	25.452	-11.268	0.057
40.000	10.462	10.545	20.413	-24.727	0.046
40.000	10.463	10.532	20.418	-24.652	0.046
40.000	10.466	10.522	20.423	-24.749	0.046
40.000	10.479	10.532	20.436	-24.781	0.046
40.000	10.470	10.560	20.426	-24.817	0.046
40.000	10.468	10.530	20.419	-24.731	0.046
40.000	10.464	10.535	20.412	-24.612	0.046
40.000	10.473	10.550	20.430	-24.754	0.046
40.000	10.468	10.525	20.424	-24.798	0.046
40.000	10.456	10.547	20.436	-24.789	0.046
30.000	7.708	8.069	15.312	-38.223	0.031
30.000	7.715	8.052	15.365	-38.285	0.031
30.000	7.724	8.086	15.317	-38.252	0.031
30.000	7.733	8.088	15.371	-38.202	0.031
30.000	7.738	8.077	15.369	-38.129	0.031
30.000	7.740	8.089	15.381	-38.226	0.031
30.000	7.723	8.080	15.332	-38.181	0.031
30.000	7.734	8.082	15.359	-38.146	0.031
30.000	7.749	8.068	15.362	-38.238	0.031
30.000	7.729	8.077	15.359	-38.308	0.031
20.000	5.321	5.314	10.212	-56.572	0.020
20.000	5.338	5.308	10.241	-56.520	0.020
20.000	5.320	5.312	10.220	-56.665	0.020
20.000	5.328	5.300	10.224	-56.663	0.020
20.000	5.319	5.362	10.219	-56.674	0.020
20.000	5.318	5.313	10.217	-56.656	0.020
20.000	5.316	5.311	10.223	-56.647	0.020
20.000	5.309	5.309	10.212	-56.656	0.020
20.000	5.313	5.326	10.225	-56.692	0.020
20.000	5.314	5.312	10.218	-56.627	0.020
10.000	2.619	2.698	5.071	-76.352	0.008
10.000	2.625	2.706	5.073	-76.481	0.008
10.000	2.628	2.709	5.062	-76.399	0.008
10.000	2.623	2.698	5.074	-76.460	0.008
10.000	2.622	2.686	5.052	-76.468	0.008
10.000	2.635	2.703	5.068	-76.347	0.008
10.000	2.635	2.699	5.082	-76.445	0.008
10.000	2.629	2.698	5.027	-76.484	0.008
10.000	2.635	2.686	5.077	-76.387	0.008
10.000	2.613	2.679	5.072	-76.372	0.008
0.000	-0.312	0.358	0.013	-96.527	-0.003
0.000	-0.304	0.362	0.017	-96.502	-0.003
0.000	-0.315	0.358	0.003	-96.635	-0.003
0.000	-0.318	0.351	0.005	-96.465	-0.003
0.000	-0.308	0.361	0.003	-96.475	-0.003
0.000	-0.301	0.358	0.015	-96.435	-0.003
0.000	-0.304	0.359	0.007	-96.543	-0.003
0.000	-0.306	0.362	0.013	-96.457	-0.003
0.000	-0.309	0.367	0.009	-96.417	-0.003
0.000	-0.313	0.359	0.015	-96.422	-0.003
